   1    0.000 1018.00000  272.20   289.75  2.709E+19 4.319E+03 3.303E+02 2.780E-02 3.203E-01 1.501E-01 1.701E+00 2.092E+05
   2    1.000  897.30000  268.70   258.76  2.419E+19 3.456E+03 3.302E+02 2.801E-02 3.202E-01 1.451E-01 1.701E+00 2.091E+05
   3    2.000  789.70000  265.20   230.76  2.157E+19 2.790E+03 3.302E+02 2.851E-02 3.202E-01 1.400E-01 1.701E+00 2.091E+05
   4    3.000  693.80000  261.70   205.47  1.920E+19 2.090E+03 3.303E+02 3.203E-02 3.203E-01 1.350E-01 1.702E+00 2.092E+05
   5    4.000  608.10000  255.70   184.34  1.723E+19 1.281E+03 3.303E+02 3.570E-02 3.203E-01 1.313E-01 1.698E+00 2.092E+05
   6    5.000  531.30000  249.70   164.94  1.541E+19 8.246E+02 3.302E+02 4.723E-02 3.202E-01 1.304E-01 1.688E+00 2.091E+05
   7    6.000  462.70000  243.70   147.18  1.375E+19 5.106E+02 3.302E+02 5.840E-02 3.202E-01 1.289E-01 1.673E+00 2.091E+05
   8    7.000  401.60000  237.70   130.98  1.224E+19 2.323E+02 3.303E+02 7.899E-02 3.203E-01 1.248E-01 1.651E+00 2.092E+05
   9    8.000  347.30000  231.70   116.20  1.086E+19 1.077E+02 3.301E+02 1.039E-01 3.196E-01 1.185E-01 1.630E+00 2.091E+05
  10    9.000  299.30000  225.70   102.81  9.605E+18 5.570E+01 3.302E+02 1.568E-01 3.165E-01 1.095E-01 1.616E+00 2.092E+05
  11   10.000  256.80000  219.70    90.62  8.466E+18 2.962E+01 3.302E+02 2.372E-01 3.098E-01 9.969E-02 1.580E+00 2.091E+05
  12   11.000  219.90000  219.20    77.77  7.266E+18 1.001E+01 3.302E+02 3.626E-01 2.991E-01 8.970E-02 1.543E+00 2.091E+05
  13   12.000  188.20000  218.70    66.71  6.233E+18 6.004E+00 3.302E+02 5.235E-01 2.938E-01 7.819E-02 1.509E+00 2.091E+05
  14   13.000  161.10000  218.20    57.24  5.348E+18 5.003E+00 3.302E+02 7.041E-01 2.862E-01 6.378E-02 1.480E+00 2.091E+05
  15   14.000  137.80000  217.70    49.07  4.585E+18 4.803E+00 3.302E+02 8.006E-01 2.802E-01 5.029E-02 1.452E+00 2.092E+05
  16   15.000  117.80000  217.20    42.05  3.928E+18 4.703E+00 3.302E+02 9.006E-01 2.726E-01 3.944E-02 1.423E+00 2.091E+05
  17   16.000  100.70000  216.70    36.03  3.366E+18 4.603E+00 3.302E+02 1.101E+00 2.613E-01 3.071E-02 1.391E+00 2.091E+05
  18   17.000   86.10000  216.20    30.87  2.884E+18 4.502E+00 3.302E+02 1.401E+00 2.422E-01 2.490E-02 1.357E+00 2.091E+05
  19   18.000   73.60000  215.70    26.45  2.471E+18 4.503E+00 3.302E+02 1.801E+00 2.175E-01 1.967E-02 1.324E+00 2.091E+05
  20   19.000   62.80000  215.20    22.62  2.114E+18 4.503E+00 3.302E+02 2.301E+00 1.844E-01 1.550E-02 1.282E+00 2.091E+05
  21   20.000   53.70000  215.20    19.35  1.807E+18 4.504E+00 3.303E+02 2.903E+00 1.622E-01 1.332E-02 1.225E+00 2.092E+05
  22   21.000   45.80000  215.20    16.50  1.541E+18 4.504E+00 3.303E+02 3.503E+00 1.363E-01 1.233E-02 1.155E+00 2.092E+05
  23   22.000   39.10000  215.20    14.09  1.316E+18 4.533E+00 3.303E+02 3.903E+00 1.231E-01 1.233E-02 1.067E+00 2.092E+05
  24   23.000   33.40000  215.20    12.03  1.124E+18 4.553E+00 3.303E+02 4.303E+00 1.125E-01 1.308E-02 9.737E-01 2.092E+05
  25   24.000   28.60000  215.20    10.30  9.626E+17 4.603E+00 3.302E+02 4.703E+00 1.049E-01 1.401E-02 8.807E-01 2.092E+05
  26   25.000   24.40000  215.20     8.79  8.212E+17 4.653E+00 3.302E+02 5.104E+00 9.668E-02 1.499E-02 7.937E-01 2.091E+05
  27   27.500   16.46000  215.50     5.92  5.532E+17 4.703E+00 3.302E+02 5.604E+00 8.699E-02 1.599E-02 7.135E-01 2.091E+05
  28   30.000   11.10000  217.40     3.96  3.698E+17 4.754E+00 3.303E+02 6.105E+00 7.530E-02 1.711E-02 6.443E-01 2.092E+05
  29   32.500    7.56000  220.40     2.66  2.484E+17 4.803E+00 3.302E+02 6.804E+00 6.130E-02 1.851E-02 5.750E-01 2.091E+05
  30   35.000    5.18000  227.90     1.76  1.646E+17 4.852E+00 3.301E+02 7.103E+00 5.118E-02 1.998E-02 5.052E-01 2.091E+05
  31   37.500    3.60000  235.50     1.19  1.107E+17 4.904E+00 3.302E+02 7.205E+00 3.971E-02 2.149E-02 4.484E-01 2.092E+05
  32   40.000    2.53000  243.20     0.81  7.535E+16 4.953E+00 3.302E+02 6.905E+00 2.997E-02 2.333E-02 3.934E-01 2.091E+05
  33   42.500    1.80000  250.80     0.56  5.198E+16 5.004E+00 3.302E+02 5.904E+00 2.081E-02 2.624E-02 3.397E-01 2.091E+05
  34   45.000    1.29000  258.50     0.39  3.614E+16 5.003E+00 3.302E+02 4.603E+00 1.312E-02 3.059E-02 2.878E-01 2.091E+05
  35   47.500    0.94000  265.10     0.27  2.568E+16 5.003E+00 3.302E+02 3.703E+00 8.077E-03 3.806E-02 2.388E-01 2.091E+05
  36   50.000    0.68300  265.70     0.20  1.862E+16 4.953E+00 3.302E+02 2.752E+00 4.167E-03 6.249E-02 1.945E-01 2.091E+05
  37   55.000    0.36200  260.60     0.11  1.006E+16 4.854E+00 3.303E+02 1.701E+00 2.631E-03 1.481E-01 1.575E-01 2.092E+05
  38   60.000    0.18800  250.80     0.06  5.429E+15 4.503E+00 3.302E+02 1.001E+00 1.810E-03 2.928E-01 1.501E-01 2.091E+05
